0.717
0.339
0.333
0.334
0.358
0.345
0.343
0.336
0.343
0.339
0.367
0.339
0.357
0.336
0.359
0.333
0.325
0.342
0.329
0.340
0.337
0.340
0.319
0.353
0.355
0.335
0.345
0.335
0.342
0.327
0.317
0.348
0.337
0.333
0.349
0.343
0.323
0.342
0.326
0.336
0.321
0.345
0.355
0.340
0.338
0.332
0.316
0.338
0.366
0.330
0.334
0.341
0.335
0.341
0.329
0.344
0.326
0.335
0.340
0.330
0.329
0.324
0.344
0.321
0.340
0.348
0.335
0.338
0.327
0.360
0.327
0.340
0.353
0.343
0.333
0.326
0.341
0.352
0.333
0.323
0.339
0.332
0.365
0.334
0.339
0.354
0.331
0.336
0.338
0.327
0.326
0.315
0.317
0.335
0.347
0.354
0.342
0.300
0.338
0.333
0.324
0.329
0.352
0.340
0.315
0.324
0.322
0.332
0.359
0.336
0.341
0.343
0.358
0.325
0.335
0.323
0.343
0.338
0.334
0.367
0.342
0.343
0.337
0.342
0.340
0.304
0.338
0.366
0.334
0.327
0.355
0.322
0.344
0.339
0.358
0.330
0.318
0.365
0.333
0.321
0.334
0.344
0.359
0.348
0.342
0.334
0.331
0.364
0.324
0.333
0.357
0.350
0.323
0.337
0.344
0.359
0.356
0.329
0.351
0.304
0.330
0.346
0.328
0.328
0.324
0.347
0.364
0.344
0.345
0.341
0.318
0.332
0.332
0.327
0.355
0.340
0.346
0.334
0.326
0.329
0.314
0.330
0.329
0.339
0.310
0.361
0.332
0.367
0.332
0.344
0.334
0.327
0.345
0.352
0.346
0.351
0.335
0.329
0.330
0.344
0.349
0.323
0.339
0.348
0.325
0.339
0.335
0.325
0.339
0.313
0.339
0.337
0.353
0.340
0.326
0.323
0.346
0.337
0.360
0.318
0.347
0.343
0.335
0.369
0.333
0.345
0.310
0.328
0.331
0.341
0.324
0.339
0.349
0.339
0.326
0.339
0.354
0.322
0.347
0.326
0.338
0.340
0.346
0.358
0.342
0.345
0.348
0.319
0.341
0.337
0.378
0.346
0.317
0.327
0.354
0.311
0.321
0.331
0.335
0.359
0.339
0.306
0.341
0.330
0.317
0.331
0.357
0.339
0.344
0.326
0.331
0.352
0.342
0.355
0.337
0.334
0.333
0.342
0.349
0.344
0.346
0.326
0.330
0.322
0.340
0.324
0.336
0.329
0.332
0.320
0.337
0.351
0.338
0.358
0.360
0.355
0.352
0.338
0.344
0.339
0.343
0.352
0.343
0.344
0.325
0.340
0.305
0.346
0.341
0.341
0.350
0.345
0.346
0.344
0.344
0.357
0.346
0.340
0.347
0.338
0.346
0.338
0.318
0.342
0.343
0.331
0.345
0.356
0.337
0.333
0.346
0.319
0.343
0.322
0.330
0.320
0.328
0.344
0.334
0.321
0.340
0.349
0.331
0.352
0.331
0.341
0.352
0.363
0.328
0.312
0.326
0.323
0.309
0.339
0.368
0.316
0.324
0.345
0.317
0.317
0.320
0.344
0.342
0.333
0.321
0.321
0.355
0.333
0.321
0.321
0.326
0.341
0.340
0.353
0.321
0.355
0.343
0.351
0.340
0.348
0.352
0.327
0.348
0.356
0.336
0.355
0.343
0.348
0.339
0.331
0.327
0.338
0.352
0.339
0.344
0.336
0.353
0.349
0.311
0.350
0.331
0.341
0.317
0.332
0.339
0.334
0.310
0.333
0.340
0.353
0.349
0.360
0.329
0.324
0.345
0.301
0.341
0.333
0.341
0.364
0.314
0.350
0.325
0.356
0.345
0.349
0.316
0.341
0.343
0.343
0.322
0.335
0.332
0.352
0.345
0.257
0.343
0.337
0.331
0.329
0.332
0.324
0.332
0.314
0.337
0.348
0.332
0.327
0.333
0.343
0.328
0.332
0.323
0.328
0.350
0.323
0.366
0.322
0.324
0.331
0.328
0.346
0.324
0.319
0.345
0.331
0.338
0.330
0.341
0.325
0.360
0.333
0.328
0.365
0.333
0.341
0.329
0.333
0.348
0.325
0.327
0.336
0.316
0.344
0.363
0.316
0.347
0.325
0.343
0.334
0.334
0.319
0.338
0.323
0.342
0.343
0.334
0.334
0.323
0.344
0.351
0.332
0.329
0.351
0.340
0.328
0.321
0.355
0.330
0.323
0.331
0.340
0.322
0.316
0.339
0.341
0.328
0.346
0.347
0.339
0.326
0.328
0.357
0.327
0.332
0.320
0.346
0.341
0.322
0.325
0.348
0.346
0.333
0.322
0.331
0.324
0.350
0.347
0.340
0.339
0.333
0.327
0.321
0.334
0.317
0.345
0.338
0.321
0.346
0.335
0.350
0.328
0.342
0.337
0.345
0.342
0.328
0.319
0.326
0.325
0.330
0.310
0.362
0.327
0.339
0.340
0.350
0.335
0.341
0.344
0.325
0.344
0.333
0.351
0.334
0.331
0.351
0.297
0.327
0.354
0.337
0.343
0.338
0.336
0.321
0.322
0.335
0.363
0.341
0.315
0.330
0.324
0.323
0.328
0.346
0.335
0.348
0.344
0.332
0.346
0.346
0.330
0.342
0.309
0.313
0.336
0.343
0.325
0.348
0.329
0.324
0.348
0.332
0.334
0.348
0.338
0.344
0.365
0.323
0.328
0.333
0.335
0.349
0.336
0.347
0.333
0.346
0.338
0.338
0.343
0.339
0.330
0.306
0.347
0.350
0.340
0.313
0.329
0.324
0.332
0.324
0.332
0.354
0.328
0.350
0.353
0.349
0.302
0.337
0.343
0.343
0.312
0.350
0.349
0.329
0.348
0.310
0.318
0.325
0.339
0.338
0.332
0.340
0.355
0.339
0.332
0.325
0.324
0.316
0.343
0.337
0.335
0.358
0.345
0.337
0.345
0.335
0.317
0.340
0.347
0.338
0.319
0.335
0.330
0.333
0.336
0.348
0.357
0.334
0.339
0.344
0.347
0.354
0.345
0.345
0.346
0.330
0.374
0.328
0.322
0.339
0.326
0.333
0.344
0.321
0.315
0.327
0.346
0.322
0.343
0.327
0.340
0.338
0.331
0.331
0.323
0.337
0.334
0.343
0.311
0.333
0.314
0.339
0.349
0.336
0.317
0.332
0.345
0.330
0.353
0.331
0.352
0.328
0.340
0.342
0.345
0.343
0.328
0.330
0.349
0.342
0.338
0.319
0.341
0.327
0.347
0.346
0.323
0.328
0.348
0.320
0.349
0.332
0.332
0.336
0.349
0.329
0.328
0.350
0.320
0.338
0.336
0.363
0.352
0.330
0.337
0.338
0.319
0.345
0.326
0.340
0.338
0.338
0.324
0.344
0.320
0.312
0.331
0.337
0.357
0.351
0.329
0.321
0.335
0.352
0.354
0.349
0.323
0.328
0.341
0.349
0.326
0.346
0.332
0.321
0.346
0.345
0.346
0.351
0.347
0.345
0.344
0.344
0.360
0.347
0.336
0.355
0.366
0.325
0.349
0.343
0.341
0.356
0.342
0.347
0.321
0.326
0.317
0.304
0.333
0.322
0.359
0.327
0.350
0.346
0.341
0.365
0.361
0.327
0.317
0.327
0.325
0.336
0.333
0.326
0.346
0.329
0.333
0.363
0.333
0.331
0.328
0.351
0.327
0.347
0.342
0.334
0.347
0.330
0.352
0.317
0.328
0.353
0.342
0.330
0.349
0.343
0.331
0.346
0.328
0.332
0.315
0.344
0.329
0.299
0.336
0.327
0.349
0.357
0.316
0.354
0.348
0.348
0.321
0.328
0.314
0.341
0.325
0.319
0.339
0.352
0.341
0.321
0.348
0.334
0.316
0.325
0.337
0.375
0.313
0.335
0.348
0.353
0.340
0.345
0.316
0.324
0.359
0.341
0.340
0.352
0.354
0.353
0.342
0.334
0.321
0.331
0.325
0.337
0.329
0.328
0.358
0.329
0.342
0.342
0.336
0.345
0.334
0.314
0.338
0.347
0.329
0.339
0.335
0.347
0.337
0.321
0.343
0.353
0.317
0.327
0.327
0.304
0.340
0.340
0.346
0.338
0.327
0.341
0.346
0.345
0.323
0.339
0.326
0.341
0.330
0.324
0.351
0.338
0.322
0.322
0.329
0.340
0.340
0.331
0.348
0.319
0.333
0.323
0.332
0.340
0.346
0.331
0.361
0.340
0.365
0.344
0.331
0.351
0.327
0.335
0.330
0.323
0.336
0.338
0.370
0.355
0.346
0.337
0.342
0.332
0.338
0.341
0.347
0.348
0.326
0.338
0.324
0.333
0.318
0.340
0.338
0.317
0.373
0.343
0.315
0.351
0.364
0.310
0.336
0.316
0.365
0.326
0.342
0.350
0.345
0.330
0.340
0.322
0.331
0.313
0.330
0.350
0.355
0.322
0.331
0.353
0.319
0.322
0.343
0.340
0.331
0.333
0.349
0.342
0.328
0.326
0.334
0.323
0.325
0.348
0.335
0.323
0.350
0.343
0.359
0.332
0.344
0.324
0.331
0.323
0.327
0.347
0.327
0.357
0.349
0.322
0.328
0.354
0.312
0.350
0.345
0.341
0.347
0.348
0.340
0.331
0.349
0.331
0.333
0.338
0.369
0.358
0.312
0.324
0.344
0.327
0.331
0.355
0.359
0.346
0.335
0.314
0.359
0.317
0.324
0.338
0.315
0.329
0.357
0.362
0.331
0.311
0.346
0.341
0.334
0.343
0.362
0.334
0.350
0.328
0.321
0.310
0.320
0.326
0.338
0.331
0.330
0.352
0.336
0.322
0.369
0.339
0.332
0.321
0.334
0.338
0.341
0.304
0.324
0.362
0.338
0.360
0.356
0.337
0.331
0.346
0.344
0.354
0.342
0.336
0.335
0.317
0.357
0.354
0.345
0.343
0.334
0.342
0.323
0.300
0.350
0.337
0.332
0.330
0.333
0.344
0.348
0.331
0.334
0.345
0.346
0.341
0.332
0.327
0.350
0.339
0.328
0.340
0.301
0.350
0.313
0.352
0.347
0.334
0.328
0.354
0.330
0.349
0.304
0.335
0.336
0.315
0.378
0.335
0.316
0.331
0.318
0.318
0.329
0.322
0.339
0.340
0.340
0.361
0.332
0.316
0.337
0.348
0.339
0.328
0.343
0.343
0.336
0.335
0.348
0.346
0.363
0.341
0.343
0.346
0.361
0.349
0.339
0.330
0.331
0.342
0.336
0.332
0.334
0.332
0.344
0.322
0.355
0.340
0.323
0.332
0.343
0.343
0.351
0.315
0.342
0.331
0.339
0.328
0.337
0.360
0.347
0.345
0.350
0.339
0.335
0.341
0.329
0.319
0.348
0.345
0.326
0.335
0.325
0.354
0.325
0.334
0.336
0.337
0.317
0.315
0.354
0.333
0.345
0.330
0.334
0.360
0.337
0.339
0.362
0.371
0.335
0.337
0.318
0.340
0.350
0.323
0.354
0.327
0.321
0.345
0.355
0.339
0.346
0.354
0.330
0.334
0.353
0.337
0.344
0.361
0.333
0.343
0.336
0.320
0.342
0.343
0.333
0.331
0.335
0.324
0.317
0.341
0.341
0.332
0.345
0.351
0.334
0.333
0.321
0.326
0.329
0.316
0.325
0.333
0.347
0.339
0.331
0.355
0.325
0.334
0.356
0.339
0.353
0.355
0.326
0.331
0.347
0.358
0.324
0.334
0.320
0.297
0.347
0.326
0.355
0.316
0.344
0.366
0.319
0.343
0.319
0.355
0.357
0.353
0.322
0.310
0.338
0.346
0.345
0.340
0.336
0.344
0.339
0.363
0.342
0.323
0.341
0.333
0.328
0.331
0.319
0.342
0.324
0.335
0.334
0.327
0.335
0.333
0.344
0.334
0.350
0.343
0.332
0.347
0.326
0.345
0.354
0.361
0.318
0.321
0.365
0.333
0.345
0.314
0.345
0.343
0.335
0.340
0.328
0.318
0.340
0.322
0.343
0.352
0.309
0.331
0.353
0.311
0.345
0.352
0.351
0.339
0.348
0.347
0.325
0.323
0.323
0.350
0.338
0.326
0.324
0.349
0.343
0.316
0.336
0.342
0.339
0.336
0.336
0.345
0.346
0.331
0.316
0.313
0.328
0.347
0.329
0.331
0.330
0.317
0.329
0.346
0.344
0.340
0.339
0.346
0.340
0.336
0.345
0.329
0.314
0.329
0.350
0.321
0.324
0.365
0.345
0.331
0.332
0.320
0.341
0.338
0.319
0.309
0.334
0.332
0.339
0.322
0.321
0.356
0.347
0.330
0.356
0.320
0.330
0.341
0.333
0.341
0.342
0.326
0.348
0.359
0.305
0.335
0.331
0.309
0.347
0.338
0.339
0.319
0.332
0.342
0.343
0.347
0.347
0.334
0.338
0.342
0.330
0.339
0.345
0.350
0.363
0.349
0.352
0.349
0.344
0.329
0.344
0.348
0.334
0.322
0.333
0.356
0.329
0.329
0.336
0.339
0.323
0.350
0.343
0.333
0.329
0.344
0.318
0.327
0.333
0.324
0.345
0.331
0.335
0.311
0.344
0.329
0.334
0.348
0.368
0.344
0.354
0.340
0.350
0.335
0.342
0.316
0.332
0.329
0.339
0.325
0.329
0.343
0.364
0.343
0.346
0.340
0.337
0.332
0.340
0.359
0.310
0.351
0.329
0.333
0.332
0.340
0.321
0.342
0.329
0.341
0.339
0.327
0.344
0.315
0.339
0.324
0.342
0.333
0.352
0.354
0.351
0.337
0.336
0.334
0.346
0.312
0.336
0.319
0.331
0.338
0.323
0.351
0.339
0.325
0.339
0.350
0.333
0.326
0.360
0.338
0.329
0.349
0.319
0.349
0.306
0.330
0.336
0.343
0.332
0.334
0.333
0.344
0.344
0.343
0.344
0.315
0.322
0.332
0.354
0.327
0.352
0.315
0.360
0.356
0.351
0.323
0.337
0.336
0.322
0.343
0.331
0.339
0.338
0.336
0.334
0.331
0.338
0.337
0.349
0.357
0.360
0.347
0.338
0.327
0.336
0.334
0.356
0.314
0.344
0.329
0.332
0.348
0.331
0.317
0.356
0.329
0.324
0.347
0.331
0.320
0.300
0.318
0.346
0.328
0.319
0.329
0.358
0.341
0.326
0.329
0.330
0.334
0.333
0.332
0.330
0.312
0.354
0.338
0.348
0.336
0.335
0.338
0.327
0.315
0.340
0.333
0.348
0.338
0.347
0.365
0.346
0.327
0.357
0.316
0.356
0.354
0.336
0.349
0.358
0.326
0.364
0.331
0.336
0.317
0.359
0.328
0.340
0.334
0.318
0.330
0.360
0.354
0.339
0.330
0.342
0.329
0.316
0.325
0.341
0.324
0.344
0.337
0.320
0.342
0.313
0.362
0.333
0.357
0.334
0.340
0.335
0.323
0.351
0.337
0.329
0.343
0.309
0.322
0.357
0.324
0.309
0.333
0.335
0.340
0.350
0.343
0.341
0.324
0.338
0.336
0.335
0.332
0.350
0.333
0.333
0.360
0.323
0.343
0.335
0.343
0.356
0.343
0.321
0.354
0.334
0.340
0.339
0.357
0.332
0.340
0.368
0.329
0.325
0.349
0.360
0.373
0.335
0.357
0.330
0.332
0.321
0.329
0.331
0.328
0.339
0.332
0.367
0.359
0.355
0.335
0.349
0.344
0.344
0.344
0.346
0.335
0.363
0.360
0.316
0.345
0.334
0.350
0.346
0.353
0.336
0.332
0.333
0.346
0.344
0.315
0.323
0.326
0.330
0.335
0.331
0.361
0.355
0.344
0.335
0.329
0.331
0.325
0.288
0.341
0.347
0.344
0.305
0.349
0.309
0.338
0.332
0.326
0.312
0.327
0.325
0.309
0.363
0.345
0.332
0.348
0.320
0.342
0.345
0.310
0.333
0.355
0.335
0.321
0.337
0.316
0.304
0.331
0.346
0.339
0.318
0.338
0.319
0.334
0.328
0.337
0.359
0.320
0.345
0.341
0.344
0.325
0.342
0.338
0.330
0.337
0.366
0.330
0.351
0.309
0.349
0.340
0.348
0.324
0.321
0.332
0.295
0.331
0.343
0.332
0.354
0.330
0.332
0.315
0.339
0.336
0.328
0.339
0.337
0.336
0.327
0.335
0.338
0.338
0.327
0.369
0.355
0.321
0.316
0.332
0.327
0.323
0.342
0.348
0.343
0.361
0.348
0.331
0.327
0.327
0.328
0.357
0.304
0.328
0.330
0.351
0.321
0.328
0.304
0.332
0.326
0.344
0.351
0.359
0.348
0.331
0.333
0.350
0.327
0.339
0.353
0.333
0.340
0.322
0.333
0.317
0.322
0.312
0.326
0.321
0.332
0.335
0.351
0.340
0.335
0.344
0.352
0.359
0.329
0.328
0.334
0.342
0.343
0.349
0.338
0.334
0.352
0.334
0.347
0.352
0.338
0.335
0.336
0.321
0.341
0.326
0.367
0.328
0.345
0.343
0.341
0.343
0.340
0.342
0.323
0.328
0.338
0.325
0.347
0.345
0.329
0.333
0.344
0.331
0.347
0.321
0.332
0.332
0.371
0.343
0.352
0.316
0.347
0.335
0.305
0.342
0.354
0.339
0.303
0.352
0.336
0.319
0.340
0.323
0.344
0.331
0.347
0.335
0.341
0.347
0.302
0.317
0.320
0.327
0.332
0.341
0.341
0.361
0.346
0.325
0.361
0.342
0.341
0.336
0.318
0.321
0.326
0.339
0.349
0.345
0.332
0.326
0.363
0.331
0.345
0.330
0.337
0.339
0.318
0.346
0.313
0.337
0.335
0.340
0.328
0.347
0.353
0.318
0.351
0.320
0.351
0.316
0.337
0.349
0.337
0.317
0.331
0.330
0.334
0.353
0.331
0.349
0.349
0.347
0.345
0.328
0.346
0.341
0.320
0.344
0.317
0.336
0.349
0.344
0.314
0.328
0.341
0.333
0.352
0.329
0.336
0.322
0.350
0.340
0.326
0.329
0.293
0.350
0.347
0.340
0.318
0.335
0.343
0.353
0.335
0.363
0.350
0.354
0.341
0.344
0.346
0.350
0.358
0.325
0.350
0.347
0.329
0.309
0.353
0.332
0.332
0.340
0.350
0.344
0.363
0.342
0.346
0.353
0.313
0.329
0.320
0.327
0.356
0.344
0.350
0.352
0.346
0.351
0.330
0.334
0.346
0.316
0.344
0.352
0.331
0.346
0.343
0.334
0.354
0.356
0.323
0.321
0.347
0.318
0.339
0.346
0.349
0.321
0.327
0.345
0.313
0.322
0.349
0.321
0.347
0.344
0.335
0.313
0.322
0.350
0.339
0.324
0.310
0.311
0.339
0.317
0.327
0.350
0.315
0.341
0.331
0.366
0.367
0.331
0.330
0.347
0.336
0.351
0.339
0.349
0.344
0.325
0.325
0.323
0.348
0.328
0.322
0.335
0.326
0.326
0.352
0.319
0.361
0.329
0.310
0.326
0.323
0.327
0.321
0.342
0.338
0.337
0.353
0.322
0.358
0.330
0.366
0.334
0.347
0.338
0.360
0.333
0.343
0.342
0.335
0.344
0.327
0.346
0.338
0.332
0.345
0.316
0.322
0.339
0.325
0.335
0.354
0.346
0.346
0.364
0.341
0.348
0.316
0.328
0.335
0.339
0.334
0.345
0.324
0.328
0.331
0.334
0.324
0.293
0.351
0.337
0.347
0.329
0.333
0.302
0.341
0.363
0.327
0.334
0.326
0.344
0.353
0.318
0.341
0.340
0.340
0.352
0.353
0.335
0.320
0.338
0.331
0.334
0.346
0.305
0.335
0.348
0.306
0.334
0.336
0.343
0.338
0.348
0.329
0.355
0.355
0.332
0.343
0.350
0.307
0.330
0.344
0.329
0.354
0.316
0.327
0.325
0.357
0.353
0.338
0.323
0.316
0.324
0.325
0.326
0.339
0.327
0.336
0.356
0.345
0.320
0.331
0.348
0.341
0.355
0.336
0.344
0.333
0.329
0.349
0.330
0.328
0.317
0.351
0.341
0.333
0.343
0.315
0.335
0.334
0.333
0.332
0.312
0.342
0.331
0.306
0.349
0.328
0.346
0.328
0.335
0.323
0.331
0.319
0.331
0.340
0.345
0.323
0.340
0.332
0.371
0.339
0.362
0.314
0.334
0.340
0.323
0.318
0.350
0.336
0.330
0.319
0.353
0.330
0.312
0.334
0.350
0.338
0.352
0.340
0.378
0.328
0.336
0.329
0.319
0.321
0.320
0.337
0.330
0.319
0.347
0.322
0.328
0.331
0.341
0.335
0.353
0.295
0.371
0.324
0.356
0.321
0.336
0.322
0.358
0.339
0.322
0.331
0.327
0.314
0.315
0.341
0.334
0.342
0.360
0.321
0.328
0.335
0.346
0.344
0.336
0.355
0.338
0.329
0.331
0.339
0.325
0.332
0.342
0.334
0.318
0.318
0.343
0.363
0.326
0.328
0.332
0.333
0.339
0.332
0.351
0.330
0.337
0.326
0.337
0.314
0.343
0.346
0.321
0.326
0.336
0.330
0.318
0.333
0.321
0.321
0.349
0.332
0.335
0.341
0.336
0.344
0.353
0.353
0.370
0.342
0.335
0.334
0.330
0.354
0.336
0.350
0.334
0.337
0.351
0.333
0.339
0.343
0.348
0.329
0.317
0.329
0.334
0.337
0.329
0.330
0.336
0.327
0.355
0.329
0.317
0.345
0.335
0.346
0.342
0.328
0.329
0.349
0.310
0.329
0.340
0.329
0.325
0.343
0.356
0.318
0.326
0.348
0.336
0.327
0.317
0.352
0.321
0.314
0.343
0.344
0.321
0.339
0.352
0.330
0.325
0.338
0.330
0.342
0.334
0.362
0.338
0.325
0.327
0.318
0.335
0.355
0.336
0.353
0.340
0.333
0.343
0.337
0.331
0.338
0.322
0.333
0.346
0.339
0.335
0.346
0.342
0.313
0.358
0.347
0.323
0.325
0.342
0.314
0.313
0.335
0.344
0.328
0.335
0.311
0.318
0.328
0.322
0.326
0.371
0.322
0.354
0.358
0.348
0.342
0.343
0.329
0.336
0.352
0.324
0.343
0.318
0.318
0.339
0.358
0.333
0.330
0.348
0.329
0.350
0.351
0.315
0.326
0.348
0.343
0.346
0.330
0.327
0.340
0.318
0.330
0.305
0.341
0.349
0.320
0.329
0.342
0.334
0.324
0.333
0.326
0.329
0.329
0.312
0.331
0.333
0.363
0.324
0.315
0.347
0.337
0.348
0.331
0.339
0.361
0.342
0.351
0.326
0.342
0.332
0.354
0.333
0.353
0.348
0.321
0.319
0.335
0.315
0.344
0.340
0.341
0.330
0.345
0.328
0.336
0.339
0.314
0.372
0.343
0.317
0.314
0.341
0.322
0.331
0.315
0.304
0.346
0.336
0.326
0.330
0.336
0.337
0.352
0.346
0.334
0.332
0.334
0.348
0.317
0.329
0.335
0.337
0.348
0.327
0.338
0.346
0.340
0.343
0.346
0.343
0.359
0.323
0.346
0.332
0.351
0.332
0.350
0.325
0.327
0.321
0.317
0.351
0.333
0.315
0.334
0.341
0.344
0.344
0.331
0.341
0.328
0.331
0.347
0.323
0.350
0.338
0.342
0.343
0.328
0.353
0.335
0.363
0.340
0.369
0.344
0.346
0.322
0.346
0.343
0.333
0.359
0.315
0.348
0.358
0.325
0.350
0.322
0.319
0.330
0.354
0.341
0.342
0.341
0.336
0.340
0.323
0.315
0.345
0.348
0.336
0.311
0.315
0.316
0.327
0.356
0.343
0.346
0.326
0.311
0.345
0.330
0.322
0.330
0.352
0.322
0.322
0.342
0.323
0.349
0.337
0.323
0.325
0.312
0.318
0.339
0.327
0.325
0.359
0.337
0.330
0.328
0.302
0.322
0.344
0.374
0.340
0.337
0.334
0.363
0.318
0.339
0.360
0.323
0.347
0.348
0.331
0.344
0.323
0.335
0.342
0.340
0.331
0.306
0.354
0.308
0.337
0.331
0.335
0.340
0.345
0.341
0.337
0.324
0.338
0.336
0.320
0.346
0.338
0.351
0.348
0.338
0.362
0.339
0.332
0.316
0.360
0.333
0.318
0.333
0.327
0.333
0.349
0.346
0.358
0.332
0.316
0.329
0.322
0.313
0.329
0.333
0.355
0.343
0.353
0.353
0.361
0.349
0.343
0.333
0.335
0.343
0.350
0.353
0.344
0.331
0.337
0.350
0.346
0.321
0.318
0.333
0.334
0.336
0.329
0.336
0.343
0.330
0.341
0.348
0.358
0.357
0.361
0.340
0.338
0.320
0.344
0.335
0.340
0.348
0.344
0.350
0.341
0.323
0.344
0.331
0.329
0.348
0.333
0.325
0.327
0.336
0.369
0.335
0.378
0.342
0.348
0.336
0.320
0.334
0.345
0.342
0.329
0.320
0.345
0.338
0.322
0.340
0.333
0.353
0.344
0.334
0.345
0.362
0.351
0.351
0.325
0.336
0.338
0.338
0.336
0.338
0.313
0.327
0.339
0.333
0.345
0.353
0.322
0.332
0.333
0.338
0.343
0.339
0.333
0.335
0.325
0.320
0.322
0.344
0.313
0.324
0.328
0.328
0.334
0.312
0.351
0.345
0.316
0.320
0.324
0.335
0.324
0.352
0.355
0.355
0.327
0.365
0.317
0.347
0.340
0.333
0.332
0.342
0.330
0.310
0.342
0.347
0.326
0.331
0.329
0.329
0.349
0.333
0.356
0.326
0.340
0.347
0.331
0.353
0.337
0.339
0.353
0.340
0.326
0.323
0.334
0.345
0.337
0.331
0.326
0.334
0.350
0.327
0.334
0.334
0.329
0.324
0.316
0.341
0.354
0.334
0.343
0.360
0.343
0.334
0.343
0.345
0.327
0.358
0.336
0.333
0.348
0.353
0.332
0.325
0.354
0.331
0.328
0.343
0.355
0.355
0.347
0.342
0.340
0.337
0.340
0.331
0.351
0.346
0.328
0.352
0.339
0.342
0.331
0.342
0.322
0.347
0.351
0.337
0.341
0.319
0.356
0.335
0.373
0.332
0.322
0.334
0.350
0.343
0.340
0.319
0.349
0.357
0.361
0.351
0.327
0.359
0.332
0.361
0.329
0.338
